<?xml version="1.0"?>
<opencv_storage>
<cam_rgb_0 type_id="opencv-matrix">
  <rows>3</rows>
  <cols>3</cols>
  <dt>f</dt>
  <data>
    5.26951965e+02 0. 3.20496002e+02 0. 5.29126038e+02 2.60576172e+02 0.
    0. 1.</data></cam_rgb_0>
</opencv_storage>
