<?xml version="1.0"?>
<opencv_storage>
<cam_rgb_0 type_id="opencv-matrix">
  <rows>3</rows>
  <cols>3</cols>
  <dt>f</dt>
  <data>
    5.10663177e+02 0. 3.22560394e+02 0. 5.13924377e+02 2.70428986e+02 0.
    0. 1.</data></cam_rgb_0>
</opencv_storage>
