<?xml version="1.0"?>
<opencv_storage>
<cam_rgb_0 type_id="opencv-matrix">
  <rows>3</rows>
  <cols>3</cols>
  <dt>f</dt>
  <data>
    5.25266724e+02 0. 3.16649261e+02 0. 5.23883301e+02 2.53471558e+02 0.
    0. 1.</data></cam_rgb_0>
</opencv_storage>
