<?xml version="1.0"?>
<opencv_storage>
<cam_rgb_0 type_id="opencv-matrix">
  <rows>3</rows>
  <cols>3</cols>
  <dt>f</dt>
  <data>
    5.29511047e+02 0. 3.11437836e+02 0. 5.29390137e+02 2.61148926e+02 0.
    0. 1.</data></cam_rgb_0>
</opencv_storage>
