<?xml version="1.0"?>
<opencv_storage>
<cam_rgb_0 type_id="opencv-matrix">
  <rows>3</rows>
  <cols>3</cols>
  <dt>f</dt>
  <data>
    5.30848938e+02 0. 3.18154510e+02 0. 5.29190369e+02 2.48320160e+02 0.
    0. 1.</data></cam_rgb_0>
</opencv_storage>
