<?xml version="1.0"?>
<opencv_storage>
<cam_rgb_0 type_id="opencv-matrix">
  <rows>3</rows>
  <cols>3</cols>
  <dt>f</dt>
  <data>
    5.24037476e+02 0. 3.26030060e+02 0. 5.22464355e+02 2.60221161e+02 0.
    0. 1.</data></cam_rgb_0>
</opencv_storage>
