<?xml version="1.0"?>
<opencv_storage>
<cam_rgb_0 type_id="opencv-matrix">
  <rows>3</rows>
  <cols>3</cols>
  <dt>f</dt>
  <data>
    5.16871033e+02 0. 3.13525635e+02 0. 5.22091431e+02 2.58638428e+02 0.
    0. 1.</data></cam_rgb_0>
</opencv_storage>
