<?xml version="1.0"?>
<opencv_storage>
<rot type_id="opencv-matrix">
  <rows>3</rows>
  <cols>3</cols>
  <dt>f</dt>
  <data>
    -1.06973305e-01 9.73363578e-01 2.02780694e-01 -9.63019133e-01
    -5.07085584e-02 -2.64618248e-01 -2.47287050e-01 -2.23588780e-01
    9.42792237e-01</data></rot>
</opencv_storage>
