<?xml version="1.0"?>
<opencv_storage>
<rot type_id="opencv-matrix">
  <rows>3</rows>
  <cols>3</cols>
  <dt>f</dt>
  <data>
    -5.83571009e-02 -9.68646169e-01 -2.41493478e-01 9.41641331e-01
    2.69232653e-02 -3.35539401e-01 3.31520736e-01 -2.46981353e-01
    9.10546124e-01</data></rot>
</opencv_storage>
