<?xml version="1.0"?>
<opencv_storage>
<cam_rgb_0 type_id="opencv-matrix">
  <rows>3</rows>
  <cols>3</cols>
  <dt>f</dt>
  <data>
    5.28174805e+02 0. 3.17065460e+02 0. 5.27626648e+02 2.46999084e+02 0.
    0. 1.</data></cam_rgb_0>
</opencv_storage>
