<?xml version="1.0"?>
<opencv_storage>
<cam_rgb_0 type_id="opencv-matrix">
  <rows>3</rows>
  <cols>3</cols>
  <dt>f</dt>
  <data>
    5.20721313e+02 0. 3.17824188e+02 0. 5.18477356e+02 2.47200317e+02 0.
    0. 1.</data></cam_rgb_0>
</opencv_storage>
