<?xml version="1.0"?>
<opencv_storage>
<cam_rgb_0 type_id="opencv-matrix">
  <rows>3</rows>
  <cols>3</cols>
  <dt>f</dt>
  <data>
    5.22236877e+02 0. 3.15299377e+02 0. 5.25803223e+02 2.46401962e+02 0.
    0. 1.</data></cam_rgb_0>
</opencv_storage>
