<?xml version="1.0"?>
<opencv_storage>
<cam_rgb_0 type_id="opencv-matrix">
  <rows>3</rows>
  <cols>3</cols>
  <dt>f</dt>
  <data>
    5.27083374e+02 0. 3.33202820e+02 0. 5.26869385e+02 2.54629181e+02 0.
    0. 1.</data></cam_rgb_0>
</opencv_storage>
