<?xml version="1.0"?>
<opencv_storage>
<cam_rgb_0 type_id="opencv-matrix">
  <rows>3</rows>
  <cols>3</cols>
  <dt>f</dt>
  <data>
    5.32229065e+02 0. 3.23550049e+02 0. 5.31035278e+02 2.49740067e+02 0.
    0. 1.</data></cam_rgb_0>
</opencv_storage>
