<?xml version="1.0"?>
<opencv_storage>
<rot type_id="opencv-matrix">
  <rows>3</rows>
  <cols>3</cols>
  <dt>f</dt>
  <data>
    4.61067073e-02 9.58138704e-01 2.82567561e-01 -9.80919600e-01
    9.69075710e-02 -1.68539926e-01 -1.88867569e-01 -2.69405246e-01
    9.44325089e-01</data></rot>
</opencv_storage>
