<?xml version="1.0"?>
<opencv_storage>
<rot type_id="opencv-matrix">
  <rows>3</rows>
  <cols>3</cols>
  <dt>f</dt>
  <data>
    6.59566075e-02 9.72064376e-01 2.25256637e-01 -9.69099700e-01
    1.16179086e-01 -2.17596352e-01 -2.37687781e-01 -2.03944221e-01
    9.49690104e-01</data></rot>
</opencv_storage>
