<?xml version="1.0"?>
<opencv_storage>
<rot type_id="opencv-matrix">
  <rows>3</rows>
  <cols>3</cols>
  <dt>f</dt>
  <data>
    1.34552941e-01 -9.56515670e-01 -2.58792013e-01 9.57265019e-01
    1.92947477e-01 -2.15441212e-01 2.56006151e-01 -2.18744278e-01
    9.41600680e-01</data></rot>
</opencv_storage>
